602
602
600
600
600
599
599
597
597
597
597
597
596
596
596
594
594
593
593
593
593
593
593
593
593
591
591
590
590
588
588
588
587
587
586
586
586
585
585
584
584
584
584
584
583
583
583
583
583
580
580
580
576
576
591
591
591
782
782
827
827
827
837
837
836
836
830
830
830
830
830
785
785
785
621
621
405
405
405
371
371
348
348
348
313
313
302
302
302
297
297
293
293
293
286
286
277
277
277
265
265
258
258
248
248
248
237
237
220
220
220
208
208
197
197
197
192
192
180
180
180
173
173
168
168
168
166
166
163
163
163
161
161
158
158
158
155
155
154
154
151
151
151
147
147
144
144
144
143
143
141
141
141
136
136
137
137
137
136
136
135
135
135
134
134
133
133
133
127
127
126
126
126
125
125
121
121
118
118
118
114
114
112
112
112
110
110
107
107
107
104
104
104
104
104
104
104
104
104
104
104
104
103
103
103
102
102
101
101
101
100
100
100
100
100
100
100
98
98
97
97
97
95
95
93
93
93
92
92
93
93
93
93
93
93
93
93
92
92
93
93
93
93
93
94
94
94
94
94
94
94
93
93
93
93
93
93
93
93
91
91
92
92
92
90
90
91
91
91
90
90
90
90
90
90
90
90
90
90
90
90
91
91
91
91
91
91
91
91
91
91
88
88
88
88
88
87
87
87
87
87
88
88
90
90
90
88
88
88
88
88
88
88
90
90
90
93
93
94
94
94
93
93
95
95
96
96
96
97
97
98
98
98
98
98
98
98
98
97
97
97
97
97
97
97
98
98
98
98
98
100
100
100
100
100
102
102
102
102
102
102
102
102
102
102
102
102
102
102
102
101
101
102
102
102
101
101
102
102
102
104
104
103
103
103
103
103
104
104
104
103
103
103
103
103
104
104
105
105
105
106
106
106
106
107
107
107
107
107
106
106
106
106
106
107
107
107
107
107
108
108
108
108
108
107
107
107
108
108
108
108
108
106
106
107
107
107
107
107
105
105
104
104
104
104
104
101
101
101
