62.0,20.0,21.4,22.8
62.6,20.1,21.8,23.1
63.5,20.2,22.2,23.4
64.1,20.4,22.6,23.8
64.7,20.6,23.0,24.2
65.5,20.8,23.5,24.5
66.0,21.1,23.9,24.8
66.6,21.3,24.5,25.1
67.0,21.6,25.0,25.4
67.3,21.8,25.5,25.8
67.9,22.2,26.1,26.2
68.3,22.5,26.7,26.5
68.8,22.8,27.2,26.7
69.4,23.3,27.3,27.1
69.7,23.6,28.3,27.3
70.0,24.0,28.9,27.6
70.4,24.3,29.5,27.9
70.8,24.7,30.0,28.2
71.1,25.1,30.6,28.5
71.4,25.5,31.3,28.8
71.8,25.8,31.8,29.1
72.9,27.0,32.4,29.4
73.3,27.4,33.7,29.7
73.6,27.8,33.6,30.1
73.9,28.3,34.2,30.4
74.2,28.7,34.7,30.6
74.5,29.1,35.3,30.8
74.8,29.5,35.8,31.2
75.2,30.0,36.3,31.4
75.6,30.4,36.9,31.6
75.7,30.7,37.4,31.9
76.0,31.2,38.0,32.2
76.3,31.6,38.5,32.4
76.6,32.0,38.3,32.5
76.7,32.5,39.5,32.8
76.6,32.3,40.0,33.0
76.8,32.7,40.5,33.4
77.1,33.2,40.9,33.6
77.2,33.6,41.4,33.8
77.5,34.0,41.3,34.1
77.6,34.2,42.3,34.2
77.9,34.7,42.9,34.4
78.3,35.2,43.4,34.6
78.5,35.7,43.7,34.9
78.7,36.1,44.2,35.1
79.0,36.5,44.6,35.5
79.2,36.8,45.1,35.6
79.3,37.1,45.6,35.9
79.6,37.4,45.9,36.1
79.9,37.9,46.4,36.2
80.2,38.2,46.8,36.5
80.5,38.5,47.3,36.8
80.5,38.8,47.6,37.0
80.7,39.2,48.0,37.3
80.7,39.5,48.4,37.5
80.8,39.7,48.7,37.6
81.0,40.1,49.3,37.9
81.5,40.5,49.6,38.2
81.6,40.8,50.0,38.3
81.8,41.1,50.3,38.4
82.0,41.3,50.6,38.6
82.3,41.9,51.0,38.8
82.4,42.2,51.3,39.1
82.6,42.5,51.7,39.2
82.9,42.8,52.0,39.4
83.0,43.0,52.3,39.5
83.3,43.3,52.7,39.7
83.5,43.5,53.0,39.9
83.6,43.8,53.4,40.2
83.7,44.1,53.6,40.4
83.9,44.4,53.9,40.6
84.2,44.7,54.2,40.8
84.5,44.8,54.4,40.9
84.7,45.2,54.6,40.8
84.7,45.4,54.9,41.3
84.6,45.7,55.2,41.6
84.7,46.0,55.5,41.8
84.7,46.1,55.9,42.1
85.0,46.5,56.1,42.2
85.2,46.6,56.4,42.3
